Longitude,Latitude,Power
12.523406,55.784771,-41.2567142159004
12.523447,55.784847,-40.0798755378728
12.523492,55.784918,-38.719780525806
12.523585,55.784954,-35.7666573565652
12.523702,55.784947,-33.3173350722691
12.522925,55.791265,-31.2666955533164
12.522666,55.79131,-29.8005644928034
12.52241,55.791358,-28.1205782437534
12.522162,55.791404,-26.9998597090421
12.521965,55.79144,-25.8040530529909
12.521831,55.791482,-25.0618373227406
12.521803,55.791545,-24.3403854255498
12.521833,55.791612,-23.9588485312368
12.521858,55.791673,-23.6838138581476
12.521805,55.791425,-23.6243891177887
12.521946,55.791396,-23.6982834586674
12.522143,55.791363,-23.9564778401639
12.522382,55.791322,-24.4705544458235
12.522631,55.791278,-24.7583401184568
12.522886,55.791232,-25.017642456701
12.523133,55.791187,-24.9418220252359
12.523362,55.791148,-24.602336389994
12.523617,55.790427,-24.0520040158163
12.523533,55.790268,-23.3740946715061
12.52345,55.790104,-22.4891993345016
12.523208,55.789692,-21.8084453888982
12.523121,55.789533,-21.0124090234534
12.523041,55.789382,-20.5649832581704
12.522969,55.789243,-20.1084071572575
12.522919,55.789155,-19.8867623496143
12.522845,55.789115,-19.7814346122404
12.522736,55.789124,-19.7843603349118
12.522574,55.789158,-19.9111528522171
12.522369,55.789191,-20.4170508245001
12.52215,55.78923,-20.8684872660337
12.521926,55.789267,-21.6731771365531
12.521701,55.789304,-22.7098495465265
12.521489,55.789337,-23.6329981468807
12.521287,55.789369,-24.7021768758503
12.521113,55.789397,-27.4259126721393
12.52094,55.789421,-29.0137522910304
12.520749,55.789443,-31.4302856060206
12.520561,55.78947,-33.4030669809378
12.519196,55.789286,-35.1308300867117
12.519137,55.789176,-35.8013665250336
12.519083,55.789078,-35.3117263622836
12.519026,55.788992,-34.2395199168482
12.518971,55.788916,-33.064445140845
12.518925,55.788841,-31.9264811396044
12.518881,55.788675,-30.5005665365819
12.518949,55.78861,-29.9548713661771
12.519069,55.788569,-29.750148501766
12.519464,55.78841,-29.4965734605747
12.519448,55.788375,-29.2010809789307
12.519447,55.788372,-29.0531381427293
12.51945,55.788375,-28.9178611174504
12.519458,55.788384,-28.6650265429715
12.519467,55.788399,-28.5694154842531
12.519476,55.788414,-28.4242049585347
12.519497,55.78843,-28.3320254107149
12.519523,55.78844,-28.2490402133823
12.519526,55.788442,-28.231825529918
12.519509,55.788442,-28.2279577791847
12.519464,55.78846,-28.2376532627261
12.519392,55.788504,-28.2611528575851
12.519281,55.788539,-28.3281021433946
12.519145,55.788568,-28.3887643328532
12.519024,55.788604,-28.5168475827676
12.518941,55.788667,-28.6388466315433
12.51893,55.78876,-28.7184369322185
12.519182,55.789213,-28.8469245682427
12.519252,55.789341,-28.992119897079
12.51931,55.789452,-29.1892028743275
12.519373,55.789554,-29.3063887410439
12.519474,55.789615,-29.5421647599822
12.519611,55.789626,-29.6798796020275
12.519779,55.789596,-29.9194690548504
12.521194,55.789308,-30.0780795695353
12.521194,55.78925,-30.3948166117947
12.52114,55.78916,-30.5778587564025
12.521075,55.789056,-31.085481674022
12.521012,55.788944,-31.5113400102809
12.520949,55.788828,-31.8225011028339
12.520884,55.788719,-32.151896115349
12.520822,55.788618,-32.50072640461
12.52078,55.788559,-32.8691883314214
12.520766,55.78853,-33.2578883334244
12.520758,55.788496,-33.5704295800772
12.52074,55.788446,-34.1691571905667
12.520707,55.78839,-38.6819712251062
12.520679,55.788323,-38.6643832302014
12.520698,55.788255,-38.6492366761733
12.520795,55.788208,-38.6330266326025
12.520918,55.788183,-38.616860803275
12.52105,55.788187,-38.5919997692664
12.521136,55.788235,-38.5759413992439
12.521169,55.788292,-38.5609624481582
12.521116,55.788351,-38.5437199287676
12.520998,55.78838,-38.5277416243078
12.520887,55.788402,-38.5128031174706
12.520805,55.788428,-38.4968404055839
12.520778,55.788467,-38.4807566093114
12.520792,55.788506,-38.4648428526865
12.520812,55.788538,-38.4489573977838
12.520839,55.788582,-38.4341156589651
12.520877,55.788647,-38.4182735271656
12.520923,55.788727,-38.4022995501684
12.521018,55.788791,-38.3864803773036
12.521063,55.788938,-38.3707033083304
12.521127,55.789057,-38.3559632747619
12.521183,55.789159,-38.3318632335438
12.521226,55.789239,-38.3160361911561
12.521245,55.78928,-38.3003312253315
12.521262,55.789312,-38.284667819026
12.521291,55.789334,-38.2700418493785
12.521374,55.789332,-38.2544191590637
12.521516,55.789303,-38.2376764876115
12.521704,55.789264,-38.2231167106549
12.521937,55.789217,-38.2075602748262
12.522174,55.789168,-38.1920804394454
12.522397,55.789123,-38.1775827050683
12.522593,55.78909,-38.1609765275383
12.522727,55.789065,-38.1455092906061
12.522786,55.789046,-38.1310782064096
12.52281,55.789037,-38.1156541693057
12.522868,55.789035,-38.0968884549754
12.522949,55.789079,-38.0651747456999
12.522992,55.789147,-38.0415600000798
12.523049,55.789259,-38.0208790697095
12.523124,55.789388,-38.0012009850223
12.523215,55.789551,-37.9768166259394
12.52331,55.789718,-37.9572184240211
12.523409,55.789911,-37.9366483665794
12.523513,55.790113,-37.9134375928575
12.523625,55.790296,-37.8929747028842
12.523726,55.790466,-37.8698835098838
12.523817,55.790623,-37.8504834025454
12.523887,55.790751,-37.8311513413625
12.523948,55.790881,-37.8072280110813
12.524674,55.790737,-37.7879847665347
12.524607,55.790629,-37.7688079680424
12.523966,55.789185,-37.7460479580748
12.524088,55.789168,-37.7163610792616
12.524225,55.789148,-37.6937437818347
12.524372,55.789122,-37.6747769134054
12.523787,55.788592,-37.6557936402546
12.523676,55.788613,-37.6333421147306
12.523601,55.788619,-37.6144429591844
12.52351,55.788593,-37.5956010543648
12.523444,55.788509,-37.5767988878811
12.52338,55.788389,-37.5580484843856
12.523299,55.788243,-37.5358616944239
12.523209,55.788085,-37.5171879605704
12.523118,55.787924,-37.498550983238
12.523028,55.787767,-37.4799282981636
12.522944,55.787619,-37.4579463305279
12.522883,55.787503,-37.4404411406532
12.522886,55.787415,-37.4229421480336
12.522974,55.787349,-37.3962848225709
12.523094,55.787309,-37.3822390170625
12.523224,55.787264,-37.3648563767128
12.523361,55.78722,-37.3484468169128
12.523494,55.78719,-37.3311358851156
12.523628,55.787163,-37.3138868163592
12.523759,55.787138,-37.2966294445749
12.523944,55.787104,-37.2794260756674
12.524061,55.787081,-37.2622853559555
12.523285,55.787367,-37.2451549296416
12.52318,55.787363,-37.232282368344
12.523076,55.787374,-37.2170917368748
12.522995,55.787388,-37.2019680256722
12.522966,55.787394,-37.1901185854612
12.522922,55.787399,-37.1750468231998
12.522825,55.787369,-37.1609813266069
12.522762,55.787293,-37.1412148688452
12.522704,55.787186,-37.126242564405
12.522627,55.787043,-37.1112842050432
12.522534,55.786882,-37.0995729240486
12.522435,55.786701,-37.0846637984354
12.522335,55.786521,-37.0698074958715
12.522227,55.786327,-37.0590671314612
12.522131,55.786162,-37.0452150029928
12.522049,55.786017,-37.0226149090151
12.521973,55.785894,-37.0097376614312
12.521913,55.785808,-36.9959928924461
12.521903,55.78579,-36.9863158117574
12.521902,55.785788,-36.9735653802511
12.521899,55.785787,-36.9598382106289
12.521896,55.785787,-36.9502214269182
12.521894,55.785788,-36.937526065018
12.521893,55.785787,-36.9168638373811
12.521884,55.785771,-36.9061221909085
12.521866,55.785708,-36.8953796735452
12.521923,55.785637,-36.8846592592991
12.522109,55.785591,-36.8730416692571
12.522354,55.785553,-36.8593476149283
12.522601,55.785518,-36.8487181236593
12.522809,55.785484,-36.8380973074079
12.522972,55.785465,-36.8265824132516
12.523102,55.785492,-36.8160069870819
12.523171,55.78555,-36.8054667951437
12.523196,55.785609,-36.7886899010387
12.523223,55.785664,-36.7751097291015
12.523291,55.785694,-36.7601188854708
12.523385,55.785688,-36.7466864037684
12.523494,55.78567,-36.7332595439642
12.522887,55.785974,-36.7134745321836
12.522774,55.785996,-36.7002200815502
12.522675,55.786015,-36.6855364586332
12.522568,55.786031,-36.6723879664358
12.522429,55.786001,-36.6577537685735
12.522396,55.78594,-36.6428549823042
12.522451,55.785884,-36.6327677011929
12.522562,55.785849,-36.6227822839101
12.522682,55.785825,-36.6128331291945
12.522808,55.785801,-36.6029247313923
12.522928,55.78578,-36.594478146257
12.523036,55.78576,-36.5846383425568
12.523106,55.785738,-36.5716113933993
12.523126,55.785698,-36.561816676609
12.523099,55.78565,-36.552116939045
12.523063,55.785603,-36.5424621332725
12.523048,55.785582,-36.5278838967947
12.523043,55.78558,-36.5183251469251
12.523014,55.785554,-36.511642535195
12.522928,55.785533,-36.503606420305
12.522806,55.78555,-36.4924770160827
12.522598,55.785588,-36.4859004899665
12.522327,55.785635,-36.4779713007039
12.522034,55.785687,-36.4715163560915
12.521735,55.785738,-36.4636525839422
12.521391,55.785795,-36.4572495363184
12.521037,55.785856,-36.4494501272321
12.520663,55.785919,-36.438591823319
12.520254,55.785991,-36.4322981239747
12.519872,55.786063,-36.4246102708079
12.51955,55.786122,-36.4183766217164
12.519326,55.78616,-36.4121142204966
12.519235,55.786192,-36.3997919651199
12.519219,55.786238,-36.3936754433264
12.519236,55.786284,-36.3875741206973
12.51926,55.786332,-36.3815130674176
12.519261,55.786371,-36.3724979632868
12.519208,55.786415,-36.3665030040175
12.519102,55.78644,-36.3605370912701
12.518996,55.78646,-36.3545978867346
12.518927,55.786479,-36.3486775744015
12.518898,55.786507,-36.3413460313603
12.518898,55.786547,-37.6522962748332
12.518923,55.786601,-37.6565915052095
12.518951,55.786652,-37.660885245988
12.518976,55.786696,-37.6659630879011
12.519012,55.786764,-37.6702537453398
12.519051,55.786841,-37.6745429143239
12.51909,55.786916,-37.6815685649454
12.519133,55.786989,-37.6858540867533
12.519175,55.787064,-37.6901381215855
12.519217,55.787141,-37.693635492568
12.519168,55.787071,-37.6971317422098
12.519034,55.786836,-37.6998423627099
12.518994,55.786765,-37.7021719979819
12.518957,55.786697,-37.7048815911652
12.518923,55.786635,-37.7087547872946
12.518889,55.786573,-37.7122462081857
12.518852,55.786509,-37.7137903500601
12.518811,55.786448,-37.7172801622185
12.518766,55.786388,-37.7199866706336
12.518735,55.78634,-37.7234745016483
12.518716,55.786314,-37.7261796933803
12.518654,55.786285,-37.7269414712419
12.518556,55.786286,-37.72730543054
12.5184,55.786312,-37.7265106747379
12.518168,55.786353,-37.726497835645
12.517894,55.7864,-37.7264868741834
12.517613,55.786445,-37.7264777880766
12.517336,55.786487,-37.7253083767602
12.517054,55.786525,-37.7253030302898
12.516764,55.786547,-36.9230935745903
12.516473,55.786556,-36.9318769114688
12.516187,55.786556,-36.9438045532201
12.515953,55.786552,-36.9557690295322
12.515801,55.786608,-36.9677575947684
12.515732,55.78671,-36.9765416034377
12.515719,55.786849,-36.9885716456763
12.515764,55.787019,-37.0006631772505
12.515848,55.787185,-37.0127345752397
12.516008,55.787349,-37.028609628767
12.516173,55.78749,-37.040735578032
12.51629,55.787595,-37.0496229021465
12.516338,55.787641,-37.0627785529324
12.516362,55.787669,-37.0726527534999
12.516392,55.787722,-37.0825545806798
12.516465,55.787802,-37.0924813547924
12.516584,55.787896,-37.1023793441129
12.516745,55.788024,-37.1194268961153
12.516916,55.788171,-37.1293549962644
12.517103,55.78834,-37.1393389435032
12.517297,55.788521,-37.1526134916165
12.517501,55.78871,-37.1626274318877
12.517712,55.788899,-37.1716544508457
12.517921,55.789106,-37.1835809424378
12.519735,55.79139,-37.198866539854
12.519896,55.791612,-37.2180514303183
12.52004,55.791831,-37.2290563869514
12.520202,55.792037,-37.2444712935801
12.520356,55.792241,-37.2564546694964
12.514985,55.785055,-37.2675443386964
12.515128,55.785019,-37.2829949479845
12.515244,55.784989,-37.2941036547469
12.515401,55.784978,-37.3062022697884
12.515587,55.784948,-37.3217266838676
12.515767,55.784907,-37.3338472754039
12.515961,55.784873,-37.3503939491287
12.516811,55.785017,-37.366977185965
12.516855,55.785089,-37.3801390284671
12.516885,55.785141,-37.3977498311901
12.516911,55.785188,-37.4144606563023
12.516941,55.785249,-37.4311472587633
12.516978,55.785326,-37.4537400952817
12.517022,55.785416,-37.4705617362042
12.517071,55.785508,-37.487359185624
12.517113,55.785587,-37.5016723760025
12.517138,55.785657,-37.5185285167468
12.5171,55.785716,-37.5364291423431
12.517034,55.785749,-37.5543947854381
12.517008,55.785756,-37.5733216638817
12.517009,55.785756,-37.5923458687062
12.517029,55.785752,-37.611384944305
12.517051,55.785747,-37.6304623506604
12.517052,55.785749,-37.6495719777301
12.517062,55.78575,-37.6677411075938
12.517104,55.78574,-37.6906093930936
12.517139,55.785732,-37.7098595747635
12.517154,55.785729,-37.7281776563123
12.517167,55.785725,-37.7581609273596
12.517159,55.785724,-37.7775120533873
12.517115,55.785714,-37.7969390774668
12.51709,55.785688,-37.8154280404449
12.517093,55.785643,-37.8349346176656
12.517076,55.785568,-37.8544559707284
12.517022,55.785472,-37.8740412792548
12.516955,55.785358,-37.8914970423835
12.516883,55.785235,-37.9057008276606
12.51682,55.78512,-37.918863986074
12.516765,55.785016,-37.9331096444367
12.516713,55.784925,-37.9484294701411
12.516627,55.784854,-37.9627087567139
12.516491,55.784822,-37.9770107227471
12.516339,55.784836,-37.9913426115155
12.516158,55.784871,-38.0056394748252
12.515937,55.78491,-38.0282531504361
12.515689,55.784952,-38.0426017772433
12.515435,55.784994,-38.059204599274
12.51517,55.785041,-38.0735985265367
12.514878,55.785094,-38.0880712037101
12.514593,55.785146,-38.1025595579816
12.515224,55.78362,-38.1170709234109
12.515443,55.78402,-38.1326197261666
12.515232,55.783627,-38.1483152804794
12.515133,55.783591,-38.1639151270174
12.515002,55.783601,-38.1784569588599
12.519525,55.783151,-38.1940966612002
12.519593,55.783162,-38.2097618451747
12.519718,55.783305,-38.2255902584871
12.519796,55.783429,-38.2413017793392
12.519886,55.783574,-38.2560109508131
12.519978,55.783717,-38.2813679769768
12.520075,55.783905,-38.2961275601461
12.520167,55.784085,-38.3118848582408
12.520547,55.784819,-38.3266982599661
12.520626,55.784971,-38.3415211994134
12.5207,55.785111,-38.3585916851479
12.520773,55.785246,-38.3734525196997
12.52084,55.785374,-38.3883541293771
12.5209,55.78549,-38.4032528682403
12.520973,55.785558,-38.4204288769697
12.521065,55.785589,-38.435369454365
12.521087,55.785634,-38.4503511446614
12.521028,55.785655,-38.4653260697491
12.520966,55.785635,-38.482609585249
12.520934,55.785588,-38.4976500232229
12.520899,55.785524,-38.5126862324497
12.520856,55.785444,-38.5352647299195
12.520806,55.785348,-38.5516777721417
12.520749,55.785234,-38.5667789859182
12.520684,55.785111,-38.5818642074905
12.520601,55.784967,-38.5959821591665
12.520507,55.784801,-38.6111353981395
12.520401,55.784611,-38.6276690984071
12.520295,55.78441,-38.6428074498138
12.519988,55.783839,-38.6580420435567
12.519856,55.783604,-38.6732948854267
12.519716,55.783368,-38.6875529535521
12.519597,55.783149,-38.7029405636005
12.52118,55.784255,-38.7172576328818
12.521299,55.784449,-38.7326771021169
12.521407,55.784645,-38.7480870304539
12.5215,55.784821,-38.7624813395928
12.521602,55.785006,-38.7870418348362
12.521697,55.785187,-38.8025403717402
12.521772,55.785329,-38.8169654015421
12.521839,55.785429,-38.8325009227102
12.521887,55.7855,-38.8469836202583
12.521915,55.785538,-38.861405691325
12.521902,55.785588,-38.8756178570762
12.521814,55.785589,-38.8901130119754
12.521764,55.785518,-38.9046586555858
12.521719,55.785412,-38.9191832056792
12.521625,55.78528,-38.9337608998459
12.521537,55.785117,-38.9494085470807
12.521453,55.784948,-38.9639762906807
12.521356,55.784764,-38.978597442956
12.521255,55.784582,-38.9931933932898
12.521142,55.784372,-39.0089006029671
12.52092,55.783966,-39.0299696331266
12.520797,55.783743,-39.0435552579963
12.520684,55.783532,-39.0582360054691
12.520568,55.783323,-39.0729483744264
12.513512,55.783876,-39.0876285235869
12.513506,55.783878,-39.1023498791695
12.513501,55.783878,-39.117105499995
12.51349,55.783875,-39.1318240213884
12.520509,55.78076,-39.1451014457356
12.522006,55.782158,-39.1598416779765
12.522315,55.782844,-39.1746466570877
12.522615,55.783385,-39.8555742281901
12.522824,55.78359,-39.869140372843
12.523583,55.78345,-39.8816203887118
12.523213,55.784446,-39.8954160070319
12.523275,55.784543,-39.9070342121687
12.523328,55.784631,-39.9293969745777
12.523376,55.784719,-39.9437002972794
12.523798,55.784932,-39.9557443749877
12.523933,55.784909,-39.9703612883342
12.52405,55.784888,-39.9850921936877
12.524128,55.784863,-40.0000409842788
12.524603,55.78507,-40.0138894476468
12.527274,55.787135,-40.0290824360679
12.527761,55.788409,-40.0444697731543
12.527113,55.789131,-40.0599789791113
12.527055,55.789027,-40.0756516286994
12.527001,55.788934,-40.0915176374379
12.526967,55.788867,-40.1049540466882
12.527001,55.788823,-40.1210660021665
12.527041,55.788812,-40.1374364982402
12.527049,55.788807,-40.1527022114665
12.527043,55.788807,-40.1777837837487
12.527029,55.788811,-40.1946839924861
12.527021,55.788815,-40.2117600975358
12.526984,55.78882,-40.226324558099
12.526983,55.788821,-40.243728105078
12.526994,55.788828,-40.2600912506941
12.527029,55.788861,-40.2779245289821
12.527067,55.788927,-40.2930152037399
12.527133,55.78905,-40.3111236343567
12.527188,55.789147,-40.3294904730683
12.527237,55.789236,-40.3450535013388
12.527282,55.789317,-40.3636981949608
12.527313,55.789396,-40.3825780223181
12.527277,55.789464,-40.4016112484317
12.527169,55.789503,-40.4178182039687
12.526648,55.789592,-40.4372970581431
12.526477,55.789621,-40.4656242369212
12.52631,55.78965,-40.485522737119
12.526125,55.789679,-40.5057120193227
12.525912,55.789717,-40.5260532982149
12.525693,55.789754,-37.7589073431013
12.525508,55.789786,-37.745709652078
12.525401,55.789809,-37.7324995547919
12.525347,55.789824,-37.7205422301359
12.525301,55.789834,-37.7083303153959
12.525263,55.789839,-37.6950852113604
12.525254,55.78984,-37.6818277352111
12.525257,55.789837,-37.6685578960241
12.525278,55.789833,-37.6563011630843
12.525307,55.78983,-37.6430075531048
12.525339,55.789835,-37.6297016084881
12.525355,55.78985,-37.617658071495
12.525361,55.789859,-37.5986888162247
12.52536,55.789855,-37.5853419431567
12.525356,55.789833,-37.5719827850254
12.525377,55.789803,-37.5573312684877
12.52547,55.789774,-37.5449795921003
12.525605,55.789751,-40.9318368344886
12.525767,55.789721,-40.9556908244299
12.525949,55.789687,-40.9772321244025
12.526135,55.789653,-41.002850380672
12.526319,55.789619,-41.0286120932006
12.526515,55.789583,-41.0496409162624
12.526724,55.789545,-41.0759389213077
12.526935,55.789506,-41.1026006637019
12.527361,55.789479,-37.4232238551367
12.527431,55.789558,-41.1513773421495
12.527492,55.78967,-41.1774812100722
12.521806,55.791718,-41.2137896427173
12.521732,55.791703,-41.2418390404365
12.52173,55.791665,-41.2647941088211
12.521749,55.791615,-41.2933949188242
12.521735,55.791556,-41.3168595323992
12.521715,55.791512,-42.4240178615304
12.521721,55.791475,-42.4652359938403
12.523644,55.791097,-42.5055665885787
12.523769,55.791074,-42.547661976058
12.523811,55.791065,-42.5888023348636
12.523835,55.791058,-42.6317727936215
12.523896,55.791031,-42.6738117618399
12.523916,55.790969,-42.7177972597073
12.523873,55.790882,-42.7607529737004
12.523802,55.790761,-42.8056977067657
12.523723,55.790621,-42.8509187949402
12.523317,55.789879,-42.913340016601
12.523221,55.789716,-42.9598043903773
12.520319,55.789531,-42.9988530770232
12.520144,55.789564,-43.0462364571066
12.519958,55.789591,-43.0873276620379
12.519783,55.789623,-43.1357498224903
12.519632,55.78965,-43.1776793844145
12.519492,55.78965,-43.2269627614566
12.519383,55.789604,-43.2768642288274
12.519313,55.789516,-43.3201880165714
12.51926,55.78941,-43.3709744840579
12.518882,55.788742,-43.4151607678442
12.519173,55.788545,-43.4596499093371
12.519296,55.788517,-43.5120033952837
12.519403,55.788483,-43.5574604527873
12.518939,55.788782,-43.6108417453553
12.51901,55.788897,-43.684276966069
12.519082,55.789022,-43.7388452394917
12.519888,55.789574,-43.7862407447062
12.520132,55.789527,-43.8419685843546
12.520394,55.789478,-43.8903835529042
12.520677,55.789429,-43.9471631909402
12.520929,55.789382,-43.9963932928183
12.52109,55.78935,-44.046149306106
12.524017,55.790957,-44.0979047513077
12.524159,55.790987,-44.156619525612
12.524342,55.790965,-44.2078827138648
12.524549,55.790931,-44.2593344677771
12.524564,55.79055,-44.3128823563059
12.52449,55.790417,-44.3738090624157
12.524407,55.790261,-44.4266267976968
12.524323,55.790101,-44.4801260479067
12.52425,55.789939,-44.5652824005753
12.52416,55.789786,-44.6284022189621
12.52406,55.789637,-44.6851593367337
12.523975,55.789498,-44.7317795028387
12.523904,55.789371,-44.7891925838286
12.523869,55.789275,-44.8455123602588
12.524486,55.7891,-44.9037702906928
12.524656,55.789069,-44.9625115629557
12.524814,55.78904,-45.0109182146313
12.524973,55.789015,-45.0702551080857
12.525125,55.789,-45.1286451893468
12.525266,55.788982,-45.1888646146937
12.525338,55.788937,-45.2477650687095
12.525319,55.78886,-45.2994563025675
12.525268,55.788777,-45.3591200600511
12.525213,55.788693,-45.4128417058825
12.52517,55.788621,-45.4811950071245
12.525135,55.788555,-45.5339523904367
12.525099,55.788488,-45.5772559938911
12.525063,55.788423,-45.62227745153
12.524988,55.788383,-45.6756305929302
12.52485,55.788397,-45.7194135998679
12.524693,55.788429,-45.7732277541538
12.524533,55.788458,-45.8172998552043
12.524373,55.788485,-45.861486615106
12.52421,55.788515,-45.8973789938236
12.524051,55.788545,-45.9336219151927
12.523893,55.788573,-45.9698441548996
12.524172,55.787056,-46.0143849267401
12.524288,55.787032,-46.0508229722571
12.5244,55.787011,-46.0872137973966
12.524524,55.78699,-46.1237448613705
12.52464,55.786969,-46.1767432594221
12.524764,55.786948,-46.2133663421294
12.524889,55.786925,-46.2499182049368
12.525012,55.7869,-46.286400978497
12.525119,55.786876,-46.3212989657997
12.52522,55.786856,-46.3462474214423
12.525317,55.78684,-46.3627931499876
12.525431,55.786848,-46.3877317229176
12.525505,55.786904,-46.4025299488882
12.52549,55.786966,-46.4274709295706
12.525409,55.787007,-46.4422523857127
12.525318,55.787032,-46.468890477867
12.525225,55.787055,-46.4836432474264
12.525137,55.787075,-46.5084988189831
12.52505,55.787092,-46.5234360813249
12.524967,55.787109,-46.5480561278
12.524899,55.787123,-46.5693608166411
12.524839,55.787137,-46.5723818158639
12.52479,55.787164,-46.5852421254182
12.524719,55.787176,-46.5866398318096
12.524642,55.787182,-46.5895448498445
12.524559,55.787191,-46.6024110009142
12.524466,55.787209,-46.6035335177762
12.524358,55.78723,-46.6165067488976
12.52425,55.787249,-46.6193464657359
12.524126,55.78727,-46.6204768790812
12.523998,55.78729,-46.6333789643383
12.523863,55.78731,-46.6361647011954
12.523727,55.787333,-46.63717267796
12.523592,55.787352,-46.6300987368631
12.523465,55.787367,-46.6212060044475
12.523543,55.785661,-46.6123390409786
12.523682,55.785636,-46.5981259566149
12.523824,55.785609,-46.5811334256394
12.523972,55.785583,-46.5722245668744
12.524111,55.78556,-46.5633037912619
12.524247,55.785537,-46.5543244912644
12.524374,55.785514,-46.5453782440786
12.524527,55.785486,-46.5364207506641
12.524629,55.785468,-46.5057119908474
12.524714,55.785453,-46.4850484972918
12.524816,55.785433,-46.4643488210969
12.524931,55.78541,-46.4436419353182
12.525059,55.785386,-46.4211666514605
12.525547,55.785372,-46.4001905254328
12.524929,55.785599,-46.3794803908159
12.524799,55.785623,-46.3487870513336
12.524597,55.785657,-46.3279837985095
12.524456,55.785681,-46.3015386589527
12.524322,55.785704,-46.2689519782364
12.524198,55.785727,-46.248086819034
12.524082,55.785748,-46.2134742531614
12.523969,55.785768,-46.190802187082
12.523849,55.78579,-46.156288658496
12.523731,55.785811,-46.1216043621757
12.523615,55.785832,-46.0871120449323
12.523502,55.785856,-46.0642872568381
12.523397,55.785871,-46.0296135287808
12.523289,55.785884,-45.9949867006724
12.523181,55.785904,-45.9620610965066
12.523071,55.785929,-45.9373805593729
12.519252,55.787202,-45.9027014201777
12.51929,55.787271,-45.8697374168926
12.519523,55.787491,-45.8331706919581
12.519492,55.787483,-45.7754228203225
12.51944,55.787472,-45.7486715817396
12.519386,55.787445,-45.7120294317134
12.519093,55.786937,-45.6735643828984
12.51905,55.786864,-45.6367763548708
12.51824,55.789458,-45.6000950022479
12.518417,55.789678,-45.5633888872841
12.518588,55.789901,-45.5248732388968
12.518761,55.790123,-45.4881680851987
12.518941,55.790355,-45.4513527573098
12.519119,55.790589,-45.4225082147721
12.519303,55.790827,-45.3838707608024
12.519486,55.791063,-45.3550803122592
12.519668,55.791301,-45.3144033016943
12.520501,55.792433,-45.2854556365151
12.527159,55.787225,-45.2544768120586
12.511954,55.783612,-45.2042715563274
12.513678,55.785224,-45.1654570826393
12.513733,55.785264,-45.1344574082419
12.514517,55.785125,-45.0957144198552
12.514716,55.785094,-45.0667320942584
12.516161,55.78483,-45.035574442704
12.516308,55.784806,-44.9968122960401
12.516459,55.784787,-44.9561053641858
12.516795,55.784989,-44.9269229142136
12.514286,55.785202,-44.8861353178982
12.514098,55.785239,-44.8475182012188
12.513989,55.785263,-44.806902679597
12.513901,55.785293,-44.7681186623983
12.513901,55.785292,-44.7444900382635
12.5139,55.785291,-44.7963979157374
12.5139,55.78529,-44.8539158753093
12.513901,55.78529,-44.9376721048649
12.5139,55.785291,-44.995474331236
12.513846,55.785299,-45.053448807656
12.513721,55.785284,-45.1057436084015
12.513589,55.78521,-45.1638836223413
12.513448,55.785084,-45.2220004635979
12.513294,55.784941,-45.2801439766818
12.513601,55.783363,-45.3384581575879
12.515243,55.783662,-45.3912146994931
12.51552,55.783941,-45.4494732356491
12.515594,55.784006,-45.5097929262179
12.515551,55.784057,-45.5681845952257
12.514933,55.783613,-45.6207955784488
12.517122,55.783003,-45.679054507183
12.517234,55.78298,-45.7375354450185
12.517352,55.782951,-45.7957035257609
12.517463,55.782923,-45.8799537015243
12.517568,55.782904,-45.9381057053419
12.517661,55.782928,-45.9960593872593
12.517705,55.782988,-46.0537951438009
12.51776,55.783092,-45.9156582502564
12.517802,55.783168,-45.8737249161496
12.517844,55.783239,-34.7954438724543
12.517883,55.783303,-34.7842483231222
12.517916,55.783358,-45.7572780869937
12.517929,55.783409,-34.7633269414131
12.517749,55.783485,-34.7536054675736
12.517624,55.783514,-45.6496912755337
12.517152,55.783355,-45.607367638442
12.517104,55.783284,-34.7233971463931
12.517069,55.783224,-45.5298991678337
12.517068,55.783173,-45.4876957194033
12.517148,55.783139,-45.4321507523966
12.517278,55.783117,-45.3898451468526
12.517428,55.78309,-45.3566729347142
12.51757,55.783061,-45.3140519890019
12.517639,55.783048,-45.2735599816455
12.517675,55.783217,-45.231135469269
12.517547,55.78324,-45.1884494996228
12.51741,55.783265,-45.1572788931639
12.517283,55.783287,-45.1146039944148
12.517211,55.783309,-45.0720524624781
12.517188,55.783346,-45.0315206820698
12.517203,55.783392,-44.9887707715624
12.517269,55.783424,-44.9459526121469
12.517741,55.783353,-44.9149168156205
12.517823,55.783345,-44.8721867804109
12.517894,55.783361,-44.8315318840593
12.51794,55.783397,-44.7778785067981
12.518585,55.783319,-44.7351202717557
12.518728,55.78329,-44.6947716162233
12.518872,55.783264,-44.6612182063517
12.519019,55.78324,-44.6206829207278
12.519168,55.783213,-44.5781643763623
12.51947,55.783159,-44.5467787549148
12.519655,55.783208,-44.5041042899948
12.520286,55.784297,-44.4638171169418
12.520342,55.784416,-44.4233938563628
12.520391,55.784525,-44.3898217997861
12.520459,55.784648,-44.3496893707993
12.520177,55.784183,-44.3184329774688
12.520049,55.783945,-44.2756889674619
12.518829,55.781775,-44.2358890637476
12.518714,55.781559,-44.2049499080283
12.519668,55.781535,-44.1428663976063
12.520472,55.782993,-44.1029643599156
12.52058,55.783158,-44.0699417362518
12.520691,55.783352,-44.0300912998484
12.520791,55.783551,-43.9993840917455
12.520899,55.783765,-43.9595049228057
12.52101,55.78397,-43.9286680209409
12.521033,55.784171,-43.889124554327
12.520448,55.783104,-43.856020135416
12.520337,55.7829,-43.8165296623229
12.520233,55.782709,-43.785648806201
12.513462,55.783879,-43.7461181827728
12.51351,55.783393,-43.715527606453
12.514966,55.782977,-43.6760856600193
12.5149,55.783023,-43.6454212662523
12.514824,55.783015,-43.6060763839071
12.514812,55.782985,-43.555791787944
12.514847,55.782977,-43.5188888150769
12.514929,55.782937,-43.4882076814526
12.51493,55.782882,-43.4490893998814
12.514846,55.782819,-43.4123028582309
12.51472,55.782743,-43.3818238609639
12.520166,55.780088,-43.3429929416364
12.52416,55.784816,-43.3146526637771
12.524386,55.784674,-43.2759245037052
12.527416,55.787511,-43.2454579585666
12.527633,55.78807,-43.2090268255268
12.527861,55.788746,-43.1809218442585
12.52836,55.790306,-43.1445076833109
12.527767,55.790261,-43.1164512181191
12.527706,55.790148,-43.0823377856816
12.527398,55.789595,-43.0544579732757
12.527328,55.789468,-43.0073605218005
12.527255,55.789345,-42.9734648900983
12.527179,55.789236,-42.9455642052648
12.527044,55.78881,-42.9177056533864
12.527006,55.788821,-42.881777125558
12.526957,55.789539,-42.8562778571136
12.527276,55.789453,-42.8204712033646
12.527542,55.789761,-42.7949310937472
12.527626,55.789911,-42.7695237511653
12.527783,55.790193,-42.7360632436342
12.527827,55.790278,-42.710615945672
12.527846,55.790315,-42.6852356025668
12.52439,55.791013,-42.6520134196354
12.524112,55.791062,-42.6265946913713
12.523834,55.79111,-42.6014689946392
12.52342,55.791179,-42.5683556953806
12.52316,55.791224,-42.5266465282564
12.523556,55.791114,-42.5014781952535
12.524714,55.790847,-42.4764149125885
12.51934,55.787366,-42.451268328343
12.519371,55.787423,-42.4262146595919
12.519404,55.787468,-42.4011238610841
12.519455,55.787494,-42.3684315533626
12.519516,55.787496,-42.3457849107292
12.519526,55.787488,-42.320800064341
12.519357,55.787405,-42.2959124921424
12.519318,55.787333,-42.2709865526757
12.51927,55.787253,-42.2462001861818
12.519223,55.787173,-42.2214010264698
12.520559,55.792513,-42.1966761329517
12.522583,55.793285,-42.1622856732862
12.52328,55.793252,-42.1353925429644
12.528168,55.789801,-42.0977898777941
12.527389,55.787826,-42.0710776265051
12.527312,55.787623,-42.0442868963243
12.513541,55.785098,-42.0176198869852
12.513846,55.785281,-41.983650486862
12.513974,55.785255,-41.9569655426989
12.514134,55.785214,-41.9304496573336
12.514327,55.785167,-41.9038549530082
12.516647,55.784825,-41.8775108229677
12.516733,55.784897,-41.8509889699868
12.513968,55.785268,-41.8224914015973
12.513927,55.785282,-41.7960330188342
12.513903,55.785291,-41.7676094199837
12.512113,55.783649,-41.7412329989206
12.51225,55.783618,-41.7150024768933
12.51298,55.783477,-41.6865889432192
12.513281,55.783424,-41.6428030003237
12.513829,55.783323,-41.6146119893469
12.515326,55.783821,-41.588469833988
12.515439,55.783896,-41.5603649568995
12.515391,55.783927,-41.5344306820652
12.515334,55.783827,-41.5085141053833
12.515287,55.783728,-41.4804331786464
12.515262,55.783655,-41.4545961337393
12.514824,55.783633,-41.4198386257882
12.514615,55.783664,-41.39400929455
12.514393,55.7837,-41.3683157936291
12.513811,55.7838,-41.340479865999
12.513465,55.783867,-41.3149915005815
12.513378,55.783413,-41.2893328778539
12.513625,55.783359,-41.2617208746288
12.516225,55.782948,-41.2295732750398
12.516459,55.782925,-41.1871114626634
12.516725,55.782912,-41.1617666408579
12.51684,55.782924,-41.1298973457625
12.516935,55.782946,-41.1045802066833
12.517,55.782994,-41.0793812880412
12.51707,55.783009,-41.0477463017722
12.517234,55.783472,-41.0225835103692
12.517064,55.783212,-40.9976540699767
12.517789,55.783142,-40.9662090199905
12.517321,55.783422,-40.941268945115
12.517427,55.783406,-40.9100253383801
12.517536,55.783386,-40.8851324572867
12.517697,55.783359,-40.8561577906739
12.518164,55.783397,-40.8209115180689
12.518296,55.783374,-40.7921426654917
12.518447,55.783346,-40.7634031349644
12.519206,55.783207,-40.7184979773798
12.519334,55.783186,-40.6899826988059
12.519416,55.783174,-40.6615067709293
12.51942,55.783169,-40.6311633066988
12.519481,55.782934,-40.6029187462872
12.519359,55.782713,-37.0832005292539
12.51926,55.782545,-37.0813175610496
12.519182,55.782385,-37.080227632769
12.519092,55.782204,-37.0791440747104
12.51898,55.782019,-37.077209304743
12.518605,55.781375,-37.0760971522964
12.519821,55.781808,-37.0750048118107
12.520143,55.782396,-37.0738848056866
12.520322,55.782721,-37.0727699817941
12.520047,55.782369,-37.070268194329
12.519906,55.782107,-37.0691394377384
12.519747,55.781829,-37.0674938068822
12.519516,55.781997,-37.0657134670446
12.51337,55.783893,-37.064581007245
12.512989,55.78355,-37.063451628505
12.513227,55.783446,-37.0623121428233
12.513984,55.783302,-37.061132583093
12.513963,55.783093,-37.0599715002879
12.513799,55.782967,-37.0578184828769
12.514967,55.782849,-37.0566756118807
12.514818,55.782969,-37.0555085530462
12.514815,55.782978,-37.0538868365729
12.514564,55.782649,-37.0523672764367
12.517266,55.782066,-46.8554850029071
12.517488,55.781672,-37.049624768076
12.517443,55.781591,-37.0484718591804
12.523461,55.784221,-37.0470768197122
12.523263,55.784276,-37.0449072558924
12.523195,55.784291,-46.7611949607972
12.523183,55.784352,-46.7504742008342
12.524302,55.784532,-46.7397428627131
12.52756,55.787884,-46.7188921052536
12.527832,55.788648,-46.7080309794617
12.528003,55.789099,-46.6972246158641
12.527902,55.790377,-46.6762924385229
12.527795,55.790316,-46.6655148298283
12.527625,55.790003,-46.6444988861682
12.527548,55.789869,-46.6337049887154
12.527477,55.789738,-46.6227763975046
12.52708,55.78952,-46.6016359709067
12.527263,55.789452,-46.5908098338171
12.527708,55.79006,-46.5883342762016
12.524948,55.790913,-46.567084211899
12.522693,55.79328,-46.5498423686253
12.522887,55.793272,-46.5472179040061
12.523077,55.793263,-46.5362696922737
12.523452,55.793243,-46.5150863157145
12.52813,55.7897,-46.5124241833101
12.52759,55.788344,-46.5014724278991
12.527512,55.788151,-46.4886094782295
12.512181,55.783857,-46.4776353960639
12.512966,55.784578,-46.4666467445338
12.513148,55.78475,-46.4536396751722
12.513347,55.784926,-46.4509878617446
12.513761,55.785277,-46.4399539487832
12.513171,55.784827,-46.4370581899137
12.512967,55.784641,-46.4242099271907
12.512768,55.784457,-46.421436999138
12.512589,55.783553,-46.4185612773341
12.512966,55.78348,-46.4010844358497
12.514221,55.783253,-46.3982499166254
12.515101,55.783411,-46.3854717899016
12.514267,55.783721,-46.3743019030262
12.51404,55.783759,-46.3713993234616
12.513177,55.783866,-46.368405554118
12.513016,55.783595,-46.3732526707949
12.513162,55.783459,-46.3701114711837
12.515472,55.783054,-46.3572801951661
12.515756,55.783008,-46.3540948656284
12.51791,55.783435,-46.3508116414395
12.517618,55.783515,-46.3473827491108
12.517486,55.783542,-46.3439865198831
12.517346,55.783543,-46.340549845113
12.51773,55.783065,-46.3277780695871
12.517783,55.78312,-46.3242975211163
12.517574,55.78338,-46.314371725892
12.518574,55.781317,-46.3182927776841
12.519602,55.781417,-46.3145723629946
12.520046,55.782217,-46.3106991651257
12.519587,55.781762,-46.2981338610456
12.51951,55.781795,-46.3018079822987
12.519521,55.781836,-46.2977871226409
12.519561,55.781884,-46.2938005784795
12.519592,55.78194,-46.2885985979602
12.519546,55.781989,-32.404188373468
12.512995,55.783572,-32.3985964706846
12.513153,55.783462,-32.3940952520544
12.514028,55.783211,-32.3898058609599
12.513858,55.782985,-32.3840243626009
12.514752,55.782729,-32.3797442327957
12.514997,55.78294,-32.3741785816265
12.514485,55.782596,-32.3669270509443
12.514175,55.782223,-32.3626624316242
12.514076,55.782054,-32.3569160119974
12.51745,55.782116,-32.352660827735
12.524227,55.784424,-32.3469277676193
12.52809,55.78933,-32.3426820837149
12.5283,55.790329,-32.3371571641218
12.527827,55.790377,-32.3329201370858
12.527616,55.790444,-32.3274055154072
12.527122,55.790525,-32.3218965212399
12.520712,55.792726,-32.3176729610574
12.520872,55.792955,-32.3119845834076
12.523563,55.793237,-32.307770751442
12.527912,55.789127,-32.3022837066469
12.527806,55.788823,-32.2968024057759
12.527716,55.788637,-32.292602291406
12.512419,55.784073,-32.284398460961
12.514534,55.7832,-32.2789365190329
12.514718,55.783163,-32.2747527289248
12.514898,55.783155,-32.2693015635166
12.515027,55.783217,-32.2638562960414
12.515057,55.783296,-46.4151187481674
12.515088,55.783376,-46.3451653038614
12.513058,55.783666,-46.2466122135339
12.512997,55.783561,-46.1327815092196
12.513019,55.783505,-46.0046983918067
12.514164,55.783274,-36.387469978627
12.514458,55.783215,-36.3530705365965
12.514758,55.783167,-36.3164130756574
12.515065,55.783121,-36.2825769035235
12.515372,55.783069,-36.2416967589135
12.518287,55.780781,-45.1321649297795
12.513112,55.783799,-36.1361193095786
12.513067,55.783483,-44.621676461073
12.513873,55.783331,-44.4594001899062
12.513975,55.783114,-44.2546667473629
12.514279,55.782328,-44.0883060133077
12.514631,55.782656,-40.8029999510933
12.514893,55.782805,-40.7236641153452
12.514812,55.782991,-40.6367019525456
12.514219,55.7823,-40.5581073149611
12.515931,55.781866,-40.4798168291615
12.51712,55.781846,-40.4828832703465
12.517163,55.781924,-40.506700072702
12.517567,55.782115,-40.530622994444
12.517656,55.782095,-40.5545974402014
12.517637,55.78195,-40.5866467931884
12.520341,55.779991,-40.6108096298474
12.528136,55.789461,-40.6350441289093
12.528219,55.789688,-40.6593725740908
12.528244,55.79034,-40.6838038181225
12.527122,55.789471,-40.6789260125438
12.527223,55.789454,-40.7034520260145
12.525712,55.790781,-40.7075834523225
12.525263,55.790858,-40.5882153499157
12.521037,55.793191,-40.4260960506216
12.521267,55.793509,-40.2940733044646
12.521174,55.793437,-40.1351908796495
12.521244,55.793381,-39.9065262970018
12.521508,55.793351,-39.7794062905754
12.521844,55.79332,-39.761338759561
12.522542,55.793287,-39.7443821131431
12.528352,55.790305,-39.7379171901534
12.512581,55.784221,-39.7211412265693
12.513863,55.783325,-39.7145283804836
12.518891,55.780276,-39.7051829920156
12.515945,55.781885,-39.6912742786898
12.51718,55.781954,-39.70105746614
12.517327,55.782099,-39.6974936377619
12.520346,55.779996,-39.6938750329904
12.528409,55.790237,-39.6902733252751
12.521489,55.793809,-39.6895731991618
12.52121,55.79356,-39.6859445118627
12.521329,55.793364,-39.6823355308023
12.521465,55.793354,-39.6797587003577
12.52219,55.793303,-39.6972610727457
12.528373,55.790364,-39.7241804901864
12.512186,55.783947,-39.755214652284
12.512055,55.783826,-39.7824789109699
12.513024,55.782564,-39.8136684765344
12.514471,55.782545,-39.8411492162427
12.517042,55.781699,-39.8725861404627
12.517688,55.782051,-39.9001762542861
12.517662,55.781994,-39.9318695505398
12.522017,55.79331,-39.9596354050827
12.528076,55.789564,-39.991508915544
12.518152,55.780532,-40.019521881125
12.514551,55.782606,-40.0515775378761
12.515893,55.781806,-40.0797278377031
12.517028,55.781672,-40.111997116021
12.51752,55.781733,-42.1068831232344
12.528336,55.789994,-42.1358166326804
12.52563,55.790795,-42.1681403283773
12.521335,55.793739,-42.1885567271902
12.52201,55.79331,-42.2175121217428
12.528444,55.790561,-42.2498646489039
12.518218,55.78065,-42.263528510897
12.519076,55.780474,-42.2805680308166
12.514863,55.781467,-42.302674679788
12.517537,55.781764,-42.3162371156472
12.528551,55.790846,-42.3417877995924
12.519123,55.78056,-42.3554295711875
12.514289,55.78241,-42.3689723126509
12.515694,55.781353,-42.3944419301358
12.515938,55.781876,-42.4080414736543
12.516943,55.781515,-42.4300850185134
12.526199,55.790694,-42.4521680330336
12.518938,55.780286,-42.4742303310885
12.519204,55.780707,-42.4826455069486
12.519455,55.781158,-42.4876587020776
12.514358,55.78249,-42.4926646247737
12.515794,55.781529,-42.4977273304185
12.515462,55.78029,-42.5028792020914
12.517406,55.781527,-42.5078770744464
12.526475,55.790645,-42.521275760646
12.528677,55.791206,-42.5264145922684
12.51592,55.781783,-42.534862859635
12.51584,55.781854,-42.5398504766427
12.516469,55.780727,-42.5448322973929
12.528637,55.791089,-42.5499621824982
12.513206,55.782816,-42.5549423824895
12.51575,55.78145,-42.5549423824895
12.51569,55.781411,-42.5549423824895
12.515505,55.780282,-42.5549423824895
12.516545,55.7808,-42.5549423824895
12.516911,55.781455,-42.5549423824895
12.528837,55.791714,-42.5549423824895
12.514845,55.78144,-42.5549423824895
12.515858,55.781653,-42.5549423824895
12.515902,55.781729,-42.5549423824895
12.515767,55.781869,-42.5549423824895
12.51579,55.781621,-42.5549423824895
12.515344,55.780522,-42.5667734293283
12.516152,55.780749,-42.5667734293283
12.516823,55.781293,-42.5667734293283
12.515765,55.781869,-42.5667734293283
12.515745,55.781517,-42.5667734293283
12.515283,55.78042,-42.5667734293283
12.516809,55.781268,-42.5667734293283
12.516068,55.78073,-42.5667734293283
12.516701,55.781075,-42.5667734293283
12.517008,55.780843,-42.5667734293283
12.515765,55.781869,-42.5667734293283
12.515881,55.780698,-42.5583435145117
12.515274,55.78036,-42.5583435145117
12.516872,55.781384,-42.5583435145117
12.514852,55.781443,-42.5617960339339
12.515544,55.78114,-42.5617960339339
12.515558,55.780272,-42.5617960339339
12.514821,55.781392,-42.5617960339339
12.51586,55.780702,-42.5617960339339
12.51666,55.781005,-42.5617960339339
12.514803,55.781331,-42.5617960339339
12.516637,55.780966,-42.5617960339339
12.517155,55.781101,-42.5567691248064
12.515771,55.780247,-42.5567691248064
12.51483,55.781397,-42.5567691248064
12.515634,55.780257,-42.5601703003336
12.51713,55.781063,-42.5516362979273
12.515495,55.780734,-42.5516362979273
12.517216,55.781201,-42.5550383614622
12.515793,55.781866,-42.5466509746688
12.515675,55.78025,-42.5466509746688
12.516102,55.780713,-42.5500523908367
